+84975481002
+84913153100
+84987298888
+84938894567
+84868924980
+84932228777
+84962602366
+84979899916
+84914876696
+84904584202
+84967338168
+84902027878
+84912556636
+84947522555
+84904359999
+84984886699
+84916773889
+84969959666
+84974777140
+84964869719
+84975989599
+84989689789
+84987085959
+84967113388
+84915556659
+84989820588
+84972566969
+84913010223
+84903218126
+84988509999
+84982610675
+84989427724
+84977325745
+84904003355
+84919446668
+84932102999
+84904681838
+84982574883
+84906207777
+84913559758
+84888436531
+84916423929
+84906210999
+84912532660
+84988844881
+84984029581
+84927412356
+84983227702
+84932893389
+84913006258
+84357505102
+84979045866
+84903260088
+84913214222
+84919515169
+84903438783
+84985044444
+84912048585
+84988280199
+84982091506
+84905678832
+84966662351
+84912867977
+84947256666
+84903636035
+84902402888
+84978752468
+84972507222
+84973010688
+84971925268
+84969768666
+84982287248
+84903484843
+84949255555
+84904488366
+84981723999
+84357201923
+84978843429
+84911998688
+84916119956
+84938312888
+84912468612
+84904167287
+84983835837
+84935131133
+84988854830
+84906044079
+84902134838
+84386818686
+84911220838
+84989668342
+84973151986
+84979823836
+84984547887
+84904343152
+84936399111
+84904009198
+84936215988
+84982295685
+84988603220
+84974868212
+84986667686
+84916285668
+84912007164
+84975926222
+84913559202
+84938622886
+84948883388
+84962747009
+84981269922
+84942338989
+84916913199
+84869868656
+84967816588
+84988031082
+84942812868
+84979153333
+84868063345
+84971306282
+84906631081
+84972919480
+84966208339
+84903234545
+84983005115
+84968654290
+84976222883
+84989656789
+84913234944
+84937208888
+84966575019
+84916555999
+84971109339
+84903498483
+84812451997
+84936559988
+84354221245
+84847088888
+84936055564
+84915522525
+84904982345
+84977210965
+84988906292
+84982451683
+84934587969
+84982833106
+84916666497
+84976460000
+84915252668
+84981060989
+84888128188
+84969783061
+84879555555
+84903423001
+84973851888
+84988983193
+84983263683
+84888154111
+84978993429
+84974746366
+84778038666
+84942511092
+84988091512
+84932377212
+84911110123
+84843155555
+84904392722
+84966560999
+84962218186
+84945309999
+84926826788
+84946634405
+84393332103
+84987468689
+84982799999
+84986761976
+84976647044
+84969160550
+84938823388
+84912109535
+84975590886
+84333666111
+84943498338
+84963558896
+84972407049
+84904266956
+84912060088
+84972528586
+84983434086
+84916531985
+84966106888
+84788041986
+84986269453
+84936053309
+84971365299
+84904566799
+84961827868
+84971698639
+84977827830
+84931235689
+84971713333
+84912374325
+84975988868
+84926382222
+84917267998
+84973414199
+84988609888
+84913378956
+84247303999
+84904233201
+84966690193
+84834828688
+84989324060
+84902000902
+84935076688
+84911421993
+84961710938
+84988001968
+84835698888
+84902220187
+84912853307
+84979122836
01629780554@
+84982179199
+84913535131
+84903409191
+84961559999
+84913351976
+84972292255
+84913336996
+84974014981
+84945674333
+84966037777
+84989313111
+84813615555
+84904949228
+84983649143
+84844419999
+84988966969
+84985939885
+84915701368
+84912055647
+84974145599
+84963918456
+84988081111
+84877752222
+84966607969
+84904524777
+84912113916
+84912500854
+84967338686
+84835558686
+84522286666
+84396125789
+84886051777
+84987434958
+84936363922
+84705868986
+84962622608
+84846709898
+84915333868
+84979502284
+84981302234
+84961414888
+84966954697
+84856443222
+84988190968
+84974791892
+84978630699
+84912126127
+84962650286
+84913711996
+84988387869
+84974718786
+84243259527
+84989329205
+84942115775
+84963250456
+84904000268
+84984850651
+84987288932
+84911162226
947291234 do
+84916580888
+84971602328
+84393909393
+84945763399
+84989965676
+84332858888
+84354200495
+84912301942
+84947411125
+84384669222
+84975551818
+84978308541
+84989982308
+84852822345
+84799971995
+84936067576
+84948622592
+84973728888
+84839727878
