+84935536532
+84937637881
+84292365288
+84946061368
+84988399911
+84915929938
+84908661351
+84908370622
+84982384849
+84909887308
+84903236664
+84934147557
+84933691692
+84938835128
+84815729084
+84903848140
+84939118247
+84919436188
+84934600346
+84902799168
+84906000011
+84979873979
+84938862888
+84909050637
+84902642670
+84903829790
+84909029091
+84903609379
+84902971555
+84968888668
+84909778962
+84902222717
+84903000727
+84822332468
+84922800929
+84908855821
+84985668789
+84908870218
+84903978828
+84919991039
+84909586865
+84908110716
+84918247913
+84936558460
+84911444699
+84772772783
+84936277727
+84975737732
+84904989779
+84948885577
+84785675111
+84901285228
+84982020122
+84363373715
+84123498764
+84901421534
+84888888657
+84909222279
+84903233733
+84777747369
+84777673678
+84962183456
+84777233777
+84917611822
+84902951177
+84355070682
+84977007017
+84918555788
+84903380636
+84916819609
+84912309966
+84937995550
+84903698010
+84903345132
+84903095022
+84918640866
+84944222222
+84903932000
+84988337673
+84982841176
+84907907660
+84939779888
+84937511422
+84847791810
+84909856889
+84913399999
+84939103838
+84902793379
+84909070706
+84989027296
+84399078558
+84975400756
+84907911448
+84908707919
+84938811533
+84989173918
+84966699080
+84908289968
+84767999678
+84866603243
+84938311218
+84932126595
+84905805193
+84909304047
+84906719039
+84931777271
+84901656650
+84938962218
+84911161654
+84899113965
+84901461111
+84939316226
+84985238525
+84934081096
+84918018609
+84903932706
+84936008298
+84965999636
+84989966103
+84967692269
